1 0
2 0
3 0.920735
4 1.3811
5 1.18741
6 0.560718
7 0.496123
8 1.01159
9 1.30346
10 1.06081
11 0.601629
12 0.658896
13 1.0692
14 1.23827
15 0.968269
16 0.638219
17 0.771072
18 1.10261
19 1.17476
20 0.900243
21 0.680822
22 0.855927
23 1.11694
24 1.1129
25 0.853408
26 0.728166
27 0.920666
28 1.11596
29 1.0549
30 0.825507
31 0.777082
32 0.968546
33 1.10308
34 1.00324
35 0.81396
36 0.824475
37 1.00171
38 1.08171
39 0.959881
40 0.815629
41 0.867864
42 1.02204
43 1.05516
44 0.926032
45 0.827067
46 0.905501
47 1.03147
48 1.0265
49 0.902025
50 0.844895
51 0.936358
52 1.03199
53 0.998348
54 0.887407
55 0.86609
56 0.960035
57 1.0257
58 0.97275
59 0.881083
60 0.888155
61 0.976659
62 1.01466
63 0.951131
64 0.881538
65 0.909179
66 0.98677
67 1.00082
68 0.934286
69 0.887061
70 0.927821
71 0.991207
72 0.985913
73 0.922447
74 0.895946
75 0.943255
76 0.991003
77 0.971372
78 0.915378
79 0.906642
80 0.955098
81 0.987284
82 0.958271
83 0.912506
84 0.917847
85 0.963325
86 0.981177
87 0.947326
88 0.913045
89 0.928544
90 0.968182
91 0.97373
92 0.938912
93 0.916117
94 0.938016
95 0.970109
96 0.965853
97 0.933106
98 0.920853
99 0.945818
