1 0
2 0.920735
3 1.3811
4 1.18741
5 0.560718
6 0.496123
7 1.01159
8 1.30346
9 1.06081
10 0.601629
11 0.658896
12 1.0692
13 1.23827
14 0.968269
15 0.638219
16 0.771072
17 1.10261
18 1.17476
19 0.900243
20 0.680822
21 0.855927
22 1.11694
23 1.1129
24 0.853408
25 0.728166
26 0.920666
27 1.11596
28 1.0549
29 0.825507
30 0.777082
31 0.968546
32 1.10308
33 1.00324
34 0.81396
35 0.824475
36 1.00171
37 1.08171
38 0.959881
39 0.815629
40 0.867864
41 1.02204
42 1.05516
43 0.926032
44 0.827067
45 0.905501
46 1.03147
47 1.0265
48 0.902025
49 0.844895
50 0.936358
51 1.03199
52 0.998348
53 0.887407
54 0.86609
55 0.960035
56 1.0257
57 0.97275
58 0.881083
59 0.888155
60 0.976659
61 1.01466
62 0.951131
63 0.881538
64 0.909179
65 0.98677
66 1.00082
67 0.934286
68 0.887061
69 0.927821
70 0.991207
71 0.985913
72 0.922447
73 0.895946
74 0.943255
75 0.991003
76 0.971372
77 0.915378
78 0.906642
79 0.955098
80 0.987284
81 0.958271
82 0.912506
83 0.917847
84 0.963325
85 0.981177
86 0.947326
87 0.913045
88 0.928544
89 0.968182
90 0.97373
91 0.938912
92 0.916117
93 0.938016
94 0.970109
95 0.965853
96 0.933106
97 0.920853
98 0.945818
99 0.969659
