1 0.05
2 0.005
3 0.923223
4 0.956177
5 0.941687
6 0.948192
7 0.945298
8 0.946591
9 0.946014
10 0.946271
11 0.946156
12 0.946208
13 0.946185
14 0.946195
15 0.94619
16 0.946193
17 0.946192
18 0.946192
19 0.946192
20 0.946192
21 0.946192
22 0.946192
23 0.946192
24 0.946192
25 0.946192
26 0.946192
27 0.946192
28 0.946192
29 0.946192
30 0.946192
31 0.946192
32 0.946192
33 0.946192
34 0.946192
35 0.946192
36 0.946192
37 0.946192
38 0.946192
39 0.946192
40 0.946192
41 0.946192
42 0.946192
43 0.946192
44 0.946192
45 0.946192
46 0.946192
47 0.946192
48 0.946192
49 0.946192
50 0.946192
51 0.946192
52 0.946192
53 0.946192
54 0.946192
55 0.946192
56 0.946192
57 0.946192
58 0.946192
59 0.946192
60 0.946192
61 0.946192
62 0.946192
63 0.946192
64 0.946192
65 0.946192
66 0.946192
67 0.946192
68 0.946192
69 0.946192
70 0.946192
71 0.946192
72 0.946192
73 0.946192
74 0.946192
75 0.946192
76 0.946192
77 0.946192
78 0.946192
79 0.946192
80 0.946192
81 0.946192
82 0.946192
83 0.946192
84 0.946192
85 0.946192
86 0.946192
87 0.946192
88 0.946192
89 0.946192
90 0.946192
91 0.946192
92 0.946192
93 0.946192
94 0.946192
95 0.946192
96 0.946192
97 0.946192
98 0.946192
99 0.946192
100 0.946192
